  2   0.100000E-02,   0.828054E+00,   0.762704E-01,   0.759426E-02,   0.160484E+01,   0.158716E+01,   0.133280E+01,   0.797914E+00,   
  3   0.100000E-02,   0.580253E+00,   0.152968E+00,   0.217599E+00,   0.231282E+01,   0.296863E+01,   0.197088E+01,   0.104316E+01,   
  4   0.100000E-02,   0.577324E+00,   0.220083E+00,   0.783674E+00,   0.275415E+01,   0.487107E+01,   0.201610E+01,   0.512034E+00,   
  5   0.100000E-02,   0.522008E+00,   0.239364E+00,   0.223167E+01,   0.720416E+01,   0.120619E+02,   0.203520E+01,   0.223880E+00,   
  6   0.100000E-02,   0.531284E+00,   0.282538E+00,   0.639061E+01,   0.330023E+02,   0.159290E+02,   0.207106E+01,   0.690967E-01,   
  7   0.100000E-02,   0.466637E+00,   0.407944E+00,   0.164024E+02,   0.106110E+03,   0.432251E+02,   0.231488E+01,   0.464926E-01,   
  8   0.100000E-02,   0.470214E+00,   0.525289E+00,   0.367856E+02,   0.266312E+03,   0.466961E+02,   0.247682E+01,   0.192458E-01,   
  9   0.100000E-02,   0.425659E+00,   0.613754E+00,   0.660265E+02,   0.420598E+03,   0.910267E+02,   0.245358E+01,   0.165997E-01,   
 10   0.100000E-02,   0.432657E+00,   0.780598E+00,   0.105505E+03,   0.552890E+03,   0.108057E+03,   0.235488E+01,   0.879845E-02,   
 11   0.100000E-02,   0.393911E+00,   0.866291E+00,   0.165953E+03,   0.217226E+03,   0.404991E+02,   0.102422E+01,   0.101081E-01,   
 12   0.100000E-02,   0.152342E+00,   0.963544E+00,   0.228585E+03,   0.314339E+03,   0.609962E+02,   0.133184E+01,   0.570357E-02,   
 13   0.100000E-02,   0.576431E-01,   0.236725E+00,   0.289356E+03,   0.671544E+03,   0.147983E+03,   0.980718E+00,   0.857168E-03,   
 14   0.100000E-02,   0.663403E-02,   0.206574E-01,   0.333209E+03,   0.838504E+04,   0.175704E+04,   0.961032E+00,   0.754992E-04,   
 15   0.100000E-02,   0.182598E-02,   0.550634E-02,   0.372312E+03,   0.300040E+05,   0.576243E+04,   0.747211E+00,   0.349783E-04,   
 16   0.100000E-02,   0.691629E-03,   0.564384E-02,   0.402145E+03,   0.232362E+05,   0.396962E+04,   0.899199E+00,   0.312950E-04,   
 17   0.100000E-02,   0.160405E-03,   0.582776E-02,   0.421804E+03,   0.187708E+05,   0.230338E+04,   0.928447E+00,   0.300224E-04,   
 18   0.100000E-02,   0.117075E-04,   0.828746E-02,   0.428952E+03,   0.277615E+05,   0.506778E+04,   0.964809E+00,   0.326153E-04,   
 19   0.100000E-02,   0.505324E-05,   0.859630E-02,   0.438845E+03,   0.250790E+05,   0.416714E+04,   0.968307E+00,   0.322234E-04,   
 20   0.100000E-02,   0.464550E-05,   0.802403E-02,   0.442943E+03,   0.168079E+05,   0.288218E+04,   0.962820E+00,   0.312537E-04,   
 21   0.100000E-02,   0.320934E-05,   0.786687E-02,   0.453170E+03,   0.155035E+05,   0.250345E+04,   0.961463E+00,   0.302987E-04,   
