  2   0.100000E-04,   0.828046E+00,   0.567107E-03,   0.508087E-04,   0.111404E+01,   0.192998E+01,   0.872870E+00,   0.704543E+00,   
  3   0.100000E-04,   0.580270E+00,   0.960610E-03,   0.243553E-02,   0.194316E+01,   0.370562E+01,   0.156408E+01,   0.571496E+00,   
  4   0.100000E-04,   0.577317E+00,   0.117788E-02,   0.664531E-02,   0.186518E+01,   0.595942E+01,   0.184882E+01,   0.270376E+00,   
  5   0.100000E-04,   0.521739E+00,   0.153960E-02,   0.176622E-01,   0.211218E+01,   0.992718E+01,   0.210397E+01,   0.176523E+00,   
  6   0.100000E-04,   0.531368E+00,   0.183568E-02,   0.461143E-01,   0.233589E+01,   0.188633E+02,   0.226034E+01,   0.548171E-01,   
  7   0.100000E-04,   0.466256E+00,   0.254039E-02,   0.112315E+00,   0.262068E+01,   0.254729E+02,   0.237589E+01,   0.396145E-01,   
  8   0.100000E-04,   0.470375E+00,   0.307943E-02,   0.240895E+00,   0.491097E+01,   0.379405E+02,   0.229452E+01,   0.231580E-01,   
  9   0.100000E-04,   0.425644E+00,   0.356335E-02,   0.418285E+00,   0.138080E+02,   0.552817E+02,   0.226306E+01,   0.217102E-01,   
 10   0.100000E-04,   0.433244E+00,   0.226698E-02,   0.668219E+00,   0.247811E+02,   0.132418E+03,   0.209872E+01,   0.386077E-02,   
 11   0.100000E-04,   0.394815E+00,   0.335030E-02,   0.105662E+01,   0.122843E+02,   0.542564E+02,   0.903767E+00,   0.654683E-02,   
 12   0.100000E-04,   0.153311E+00,   0.446539E-02,   0.139921E+01,   0.152584E+02,   0.633317E+02,   0.116446E+01,   0.525017E-02,   
 13   0.100000E-04,   0.580814E-01,   0.280219E-02,   0.171281E+01,   0.574767E+01,   0.665825E+02,   0.952302E+00,   0.178119E-02,   
 14   0.100000E-04,   0.666697E-02,   0.391991E-03,   0.193896E+01,   0.382852E+02,   0.497272E+03,   0.993321E+00,   0.204140E-03,   
 15   0.100000E-04,   0.182572E-02,   0.329520E-04,   0.213944E+01,   0.453028E+03,   0.540651E+04,   0.774600E+00,   0.166878E-04,   
 16   0.100000E-04,   0.691969E-03,   0.291203E-04,   0.229630E+01,   0.428774E+03,   0.429943E+04,   0.742898E+00,   0.869523E-05,   
 17   0.100000E-04,   0.158790E-03,   0.251331E-04,   0.240512E+01,   0.373729E+03,   0.175217E+04,   0.814433E+00,   0.815691E-05,   
 18   0.100000E-04,   0.849496E-05,   0.208850E-04,   0.244544E+01,   0.404633E+03,   0.134378E+04,   0.670862E+00,   0.732281E-05,   
 19   0.100000E-04,   0.358469E-07,   0.546290E-04,   0.246665E+01,   0.333877E+03,   0.394539E+04,   0.958344E+00,   0.222668E-04,   
 20   0.100000E-04,   0.599807E-07,   0.121996E-03,   0.247586E+01,   0.461194E+03,   0.569113E+04,   0.991673E+00,   0.491666E-04,   
 21   0.100000E-04,   0.149988E-07,   0.541071E-04,   0.282823E+01,   0.367310E+03,   0.344197E+04,   0.956262E+00,   0.191068E-04,   
 22   0.100000E-04,   0.143164E-08,   0.806800E-04,   0.289304E+01,   0.280380E+03,   0.244072E+04,   0.980244E+00,   0.279200E-04,   
 23   0.100000E-04,   0.779429E-08,   0.638680E-04,   0.297671E+01,   0.253212E+03,   0.215384E+04,   0.968722E+00,   0.216610E-04,   
 24   0.100000E-04,   0.141993E-07,   0.725289E-04,   0.305118E+01,   0.255646E+03,   0.227734E+04,   0.975443E+00,   0.239015E-04,   
 25   0.100000E-04,   0.536430E-07,   0.709411E-04,   0.315993E+01,   0.270531E+03,   0.237995E+04,   0.974812E+00,   0.225967E-04,   
 26   0.100000E-04,   0.168413E-07,   0.740209E-04,   0.327050E+01,   0.252016E+03,   0.223885E+04,   0.976232E+00,   0.227115E-04,   
 27   0.100000E-04,   0.429333E-07,   0.721396E-04,   0.340901E+01,   0.245550E+03,   0.234514E+04,   0.974844E+00,   0.212679E-04,   
