  2   0.100000E-04,   0.832018E+00,   0.189838E-02,   0.184091E-03,   0.107397E+01,   0.179578E+01,   0.928996E+00,   0.725070E+00,   
  3   0.100000E-04,   0.587264E+00,   0.435197E-02,   0.811879E-02,   0.196872E+01,   0.374369E+01,   0.187920E+01,   0.591016E+00,   
  4   0.100000E-04,   0.587469E+00,   0.106417E-01,   0.291348E-01,   0.204785E+01,   0.497417E+01,   0.200395E+01,   0.456451E+00,   
  5   0.100000E-04,   0.530720E+00,   0.259789E-01,   0.104808E+00,   0.225491E+01,   0.640212E+01,   0.223074E+01,   0.496237E+00,   
  6   0.100000E-04,   0.541192E+00,   0.585242E-01,   0.330278E+00,   0.232214E+01,   0.711841E+01,   0.225343E+01,   0.302903E+00,   
  7   0.100000E-04,   0.474356E+00,   0.921314E-01,   0.996738E+00,   0.256757E+01,   0.108315E+02,   0.229604E+01,   0.185082E+00,   
  8   0.100000E-04,   0.482420E+00,   0.119772E+00,   0.257078E+01,   0.414637E+01,   0.189297E+02,   0.229044E+01,   0.869463E-01,   
  9   0.100000E-04,   0.435183E+00,   0.160718E+00,   0.591562E+01,   0.698459E+01,   0.246496E+02,   0.214065E+01,   0.597634E-01,   
 10   0.100000E-04,   0.443348E+00,   0.205376E+00,   0.125225E+02,   0.111090E+02,   0.436333E+02,   0.221060E+01,   0.363006E-01,   
 11   0.100000E-04,   0.398161E+00,   0.245873E+00,   0.241306E+02,   0.661420E+01,   0.303625E+02,   0.115155E+01,   0.185417E-01,   
 12   0.100000E-04,   0.162622E+00,   0.240059E+00,   0.359140E+02,   0.913783E+01,   0.474164E+02,   0.132667E+01,   0.974493E-02,   
 13   0.100000E-04,   0.650371E-01,   0.105577E+00,   0.502272E+02,   0.104769E+02,   0.914839E+02,   0.991798E+00,   0.216863E-02,   
 14   0.100000E-04,   0.117468E-01,   0.813002E-02,   0.613426E+02,   0.153508E+03,   0.142545E+04,   0.967329E+00,   0.132724E-03,   
 15   0.100000E-04,   0.527276E-02,   0.294311E-02,   0.732219E+02,   0.546104E+03,   0.418287E+04,   0.761294E+00,   0.329795E-04,   
 16   0.100000E-04,   0.263520E-02,   0.240254E-02,   0.851421E+02,   0.731405E+03,   0.488646E+04,   0.740833E+00,   0.246842E-04,   
 17   0.100000E-04,   0.107729E-02,   0.213834E-02,   0.956873E+02,   0.790301E+03,   0.469004E+04,   0.769577E+00,   0.179400E-04,   
 18   0.100000E-04,   0.326531E-03,   0.179360E-02,   0.103535E+03,   0.714885E+03,   0.370128E+04,   0.740601E+00,   0.139634E-04,   
 19   0.100000E-04,   0.474748E-04,   0.154255E-02,   0.107546E+03,   0.764805E+03,   0.326551E+04,   0.689210E+00,   0.120479E-04,   
 20   0.100000E-04,   0.139807E-05,   0.150933E-02,   0.109135E+03,   0.952447E+03,   0.453290E+04,   0.726967E+00,   0.113078E-04,   
 21   0.100000E-04,   0.201241E-07,   0.146896E-02,   0.110422E+03,   0.185232E+04,   0.109287E+05,   0.730406E+00,   0.122427E-04,   
