  2   0.100000E-02,   0.832002E+00,   0.202666E+00,   0.198591E-01,   0.159906E+01,   0.157815E+01,   0.135117E+01,   0.802454E+00,   
  3   0.100000E-02,   0.587238E+00,   0.439441E+00,   0.570457E+00,   0.233438E+01,   0.292671E+01,   0.194467E+01,   0.114407E+01,   
  4   0.100000E-02,   0.587488E+00,   0.689182E+00,   0.225899E+01,   0.348363E+01,   0.490545E+01,   0.188330E+01,   0.600600E+00,   
  5   0.100000E-02,   0.531091E+00,   0.850161E+00,   0.688976E+01,   0.859546E+01,   0.106272E+02,   0.203892E+01,   0.277855E+00,   
  6   0.100000E-02,   0.541002E+00,   0.113964E+01,   0.207242E+02,   0.409885E+02,   0.190869E+02,   0.215067E+01,   0.870532E-01,   
  7   0.100000E-02,   0.474552E+00,   0.157818E+01,   0.566730E+02,   0.135312E+03,   0.322357E+02,   0.196681E+01,   0.553767E-01,   
  8   0.100000E-02,   0.483466E+00,   0.193589E+01,   0.137119E+03,   0.744933E+03,   0.991151E+02,   0.210988E+01,   0.261861E-01,   
  9   0.100000E-02,   0.434471E+00,   0.246096E+01,   0.349921E+03,   0.190748E+04,   0.157647E+03,   0.213472E+01,   0.113679E-01,   
 10   0.100000E-02,   0.444600E+00,   0.255519E+01,   0.752846E+03,   0.260470E+04,   0.259520E+03,   0.198920E+01,   0.581597E-02,   
 11   0.100000E-02,   0.397320E+00,   0.292300E+01,   0.138594E+04,   0.143070E+04,   0.138520E+03,   0.104877E+01,   0.386899E-02,   
 12   0.100000E-02,   0.160785E+00,   0.288644E+01,   0.202433E+04,   0.193152E+04,   0.213065E+03,   0.132974E+01,   0.192429E-02,   
 13   0.100000E-02,   0.648831E-01,   0.719761E+00,   0.283998E+04,   0.507410E+04,   0.652947E+03,   0.959927E+00,   0.274773E-03,   
 14   0.100000E-02,   0.117440E-01,   0.143054E+00,   0.350817E+04,   0.337409E+05,   0.386233E+04,   0.748076E+00,   0.658811E-04,   
 15   0.100000E-02,   0.527412E-02,   0.103577E+00,   0.423080E+04,   0.565178E+05,   0.598399E+04,   0.724956E+00,   0.454462E-04,   
 16   0.100000E-02,   0.264473E-02,   0.918366E-01,   0.497657E+04,   0.765435E+05,   0.800231E+04,   0.788260E+00,   0.354527E-04,   
 17   0.100000E-02,   0.108075E-02,   0.779087E-01,   0.572651E+04,   0.101653E+06,   0.101557E+05,   0.818703E+00,   0.286938E-04,   
 18   0.100000E-02,   0.323635E-03,   0.673864E-01,   0.643143E+04,   0.113432E+06,   0.965013E+04,   0.833927E+00,   0.246277E-04,   
 19   0.100000E-02,   0.530626E-04,   0.618146E-01,   0.689666E+04,   0.113578E+06,   0.843559E+04,   0.823544E+00,   0.226293E-04,   
 20   0.100000E-02,   0.125045E-06,   0.646682E-01,   0.714625E+04,   0.114233E+06,   0.934839E+04,   0.846921E+00,   0.222175E-04,   
 21   0.100000E-02,   0.272876E-05,   0.752926E-01,   0.744268E+04,   0.106924E+06,   0.941351E+04,   0.892470E+00,   0.220530E-04,   
