# 1 products
  1 7.468000e+01 9.027000e-03   1.00 100.00%
 16 5.657000e+00 1.485000e-01  13.20  82.51%
 24 3.644000e+00 6.206000e-02  20.49  85.39%
 48 2.114000e+00 7.320000e-02  35.33  73.60%
# 1 products
  1 2.131000e+01 1.183000e-01   1.00 100.00%
 16 1.735000e+00 3.785000e-02  12.28  76.77%
 24 1.071000e+00 3.114000e-02  19.90  82.91%
 48 6.192000e-01 1.298000e-02  34.42  71.70%
# 1 products
  1 2.275000e+01 1.027000e-01   1.00 100.00%
 16 1.755000e+00 8.763000e-02  12.96  81.02%
 24 1.169000e+00 2.491000e-02  19.46  81.09%
 48 6.666000e+00 1.003000e-01   3.41   7.11%
# 1 products
  1 2.572000e+01 8.929000e-03   1.00 100.00%
 16 1.674000e+01 4.591000e-01   1.54   9.60%
 24 2.829000e+01 3.900000e-01   0.91   3.79%
 48 3.870000e+01 1.615000e+01   0.66   1.38%
# 8 products
  1 7.466000e+01 7.666000e-03   1.00 100.00%
 16 6.408000e+00 9.170000e-02  11.65  72.82%
 24 4.662000e+00 6.693000e-02  16.01  66.73%
 48 3.238000e+00 1.223000e-01  23.06  48.04%
# 8 products
  1 2.140000e+01 1.772000e-01   1.00 100.00%
 16 1.764000e+00 1.127000e-02  12.13  75.82%
 24 1.275000e+00 1.148000e-02  16.78  69.93%
 48 7.907000e-01 9.000000e-03  27.06  56.38%
# 8 products
  1 2.274000e+01 1.098000e-01   1.00 100.00%
 16 1.807000e+00 1.325000e-02  12.58  78.65%
 24 1.331000e+00 2.750000e-02  17.08  71.19%
 48 7.203000e+00 2.061000e-02   3.16   6.58%
# 1 products
  1 7.469000e+01 8.145000e-03   1.00 100.00%
 16 5.479000e+00 1.961000e-01  13.63  85.20%
 24 3.669000e+00 4.062000e-02  20.36  84.82%
 48 2.093000e+00 4.763000e-02  35.69  74.35%
# 1 products
  1 2.185000e+01 2.929000e-02   1.00 100.00%
 16 1.688000e+00 4.194000e-02  12.94  80.90%
 24 1.101000e+00 3.710000e-02  19.85  82.69%
 48 6.246000e-01 1.298000e-02  34.98  72.88%
# 1 products
  1 2.284000e+01 1.442000e-01   1.00 100.00%
 16 1.777000e+00 8.146000e-02  12.85  80.33%
 24 1.188000e+00 3.027000e-02  19.23  80.11%
 48 6.623000e+00 1.095000e-01   3.45   7.18%
# 1 products
  1 2.572000e+01 8.711000e-03   1.00 100.00%
 16 1.647000e+01 7.073000e-01   1.56   9.76%
 24 2.819000e+01 1.029000e+00   0.91   3.80%
 48 3.652000e+01 1.467000e+01   0.70   1.47%
# 8 products
  1 7.469000e+01 7.300000e-03   1.00 100.00%
 16 6.420000e+00 7.520000e-02  11.63  72.71%
 24 4.805000e+00 1.300000e-01  15.54  64.77%
 48 3.266000e+00 4.620000e-02  22.87  47.64%
# 8 products
  1 2.161000e+01 8.158000e-02   1.00 100.00%
 16 1.780000e+00 9.792000e-03  12.14  75.88%
 24 1.239000e+00 1.533000e-02  17.44  72.67%
 48 7.842000e-01 9.424000e-03  27.56  57.41%
# 8 products
  1 2.288000e+01 7.917000e-02   1.00 100.00%
 16 1.814000e+00 1.173000e-02  12.61  78.83%
 24 1.365000e+00 3.013000e-02  16.76  69.84%
 48 7.120000e+00 2.270000e-02   3.21   6.69%
# 8 products
  1 2.569000e+01 8.317000e-03   1.00 100.00%
 16 1.914000e+01 2.020000e-01   1.34   8.39%
 24 3.142000e+01 2.599000e-01   0.82   3.41%
 48 4.983000e+01 4.735000e+00   0.52   1.07%
# 64 products
  1 7.474000e+01 6.551000e-03   1.00 100.00%
 16 9.527000e+00 5.277000e-02   7.85  49.03%
 24 7.997000e+00 5.107000e-02   9.35  38.94%
 48 5.595000e+00 4.592000e-02  13.36  27.83%
# 64 products
  1 2.164000e+01 1.404000e-01   1.00 100.00%
 16 2.352000e+00 3.218000e-02   9.20  57.50%
 24 1.901000e+00 2.981000e-02  11.38  47.43%
 48 1.409000e+00 8.278000e-03  15.36  32.00%
# 64 products
  1 2.304000e+01 8.469000e-02   1.00 100.00%
 16 2.040000e+00 6.472000e-03  11.29  70.59%
 24 1.599000e+00 6.888000e-03  14.41  60.04%
 48 7.356000e+00 2.192000e-02   3.13   6.53%
# 64 products
  1 2.569000e+01 7.867000e-03   1.00 100.00%
 16 1.907000e+01 1.164000e-01   1.35   8.42%
 24 3.144000e+01 2.105000e-01   0.82   3.40%
 48 5.525000e+01 8.912000e-01   0.46   0.97%
# 512 products
  1 7.480000e+01 6.771000e-03   1.00 100.00%
 16 1.918000e+01 2.460000e-02   3.90  24.37%
 24 1.923000e+01 2.331000e-02   3.89  16.21%
 48 1.944000e+01 2.848000e-02   3.85   8.02%
# 512 products
  1 2.179000e+01 2.587000e-01   1.00 100.00%
 16 3.712000e+00 1.273000e-02   5.87  36.69%
 24 3.193000e+00 7.849000e-03   6.82  28.43%
 48 2.646000e+00 3.249000e-02   8.24  17.16%
# 512 products
  1 2.283000e+01 1.340000e-01   1.00 100.00%
 16 2.871000e+00 1.086000e-02   7.95  49.70%
 24 2.942000e+00 1.715000e-02   7.76  32.33%
 48 8.767000e+00 9.965000e-02   2.60   5.43%
# 512 products
  1 2.537000e+01 5.650000e-03   1.00 100.00%
 16 1.900000e+01 2.063000e-01   1.34   8.35%
 24 3.154000e+01 1.283000e-01   0.80   3.35%
 48 5.884000e+01 3.893000e-01   0.43   0.90%
# 4096 products
  1 7.475000e+01 7.261000e-03   1.00 100.00%
 16 7.554000e+01 4.364000e-02   0.99   6.18%
 24 7.614000e+01 2.852000e-02   0.98   4.09%
 48 7.653000e+01 9.910000e-02   0.98   2.03%
# 4096 products
  1 2.174000e+01 4.559000e-01   1.00 100.00%
 16 8.080000e+00 7.870000e-03   2.69  16.82%
 24 8.275000e+00 1.266000e-02   2.63  10.95%
 48 9.284000e+00 9.483000e-02   2.34   4.88%
# 4096 products
  1 2.312000e+01 3.507000e-01   1.00 100.00%
 16 4.718000e+00 3.742000e-02   4.90  30.63%
 24 4.933000e+00 3.372000e-02   4.69  19.53%
 48 1.261000e+01 1.335000e-02   1.83   3.82%
# 4096 products
  1 2.548000e+01 5.299000e-03   1.00 100.00%
 16 2.063000e+01 9.207000e-02   1.24   7.72%
 24 3.485000e+01 2.516000e-02   0.73   3.05%
 48 7.470000e+01 7.538000e-01   0.34   0.71%
