  1   0.100000E-02,   0.100000E-05,   0.100000E+01,   0.695328-309,   0.916479E+00,            NaN,   0.000000E+00,            NaN,   0.000000E+00,            NaN,   0.000000E+00,   
  2   0.100000E-02,   0.100000E-05,   0.100000E+01,   0.695328-309,   0.850678E+00,   0.109651E+01,   0.445882E-03,   0.293344E+00,   0.163303E-02,   0.801368E+00,   0.816788E-01,   
  3   0.100000E-02,   0.100000E-05,   0.100000E+01,   0.695328-309,   0.747417E+00,   0.382844E+00,   0.101058E+00,   0.302526E+00,   0.127898E+00,   0.961211E+00,   0.173595E+00,   
  4   0.100000E-02,   0.100000E-05,   0.100000E+01,   0.695328-309,   0.612091E+00,   0.673570E+00,   0.987250E-01,   0.424643E+00,   0.156607E+00,   0.837431E+00,   0.157066E+00,   
  5   0.100000E-02,   0.100000E-05,   0.100000E+01,   0.695328-309,   0.477516E+00,   0.773812E+00,   0.103579E+00,   0.328472E+00,   0.244018E+00,   0.774085E+00,   0.164014E+00,   
  6   0.100000E-02,   0.100000E-05,   0.100000E+01,   0.695328-309,   0.378275E+00,   0.741894E+00,   0.121361E+00,   0.188035E+00,   0.478838E+00,   0.756037E+00,   0.175745E+00,   
  7   0.100000E-02,   0.100000E-05,   0.100000E+01,   0.695328-309,   0.316430E+00,   0.738752E+00,   0.130757E+00,   0.108316E+00,   0.891811E+00,   0.690590E+00,   0.167832E+00,   
  8   0.100000E-02,   0.100000E-05,   0.100000E+01,   0.695328-309,   0.280836E+00,   0.746962E+00,   0.136874E+00,   0.656637E-01,   0.155699E+01,   0.640572E+00,   0.169752E+00,   
  9   0.100000E-02,   0.100000E-05,   0.100000E+01,   0.695328-309,   0.255349E+00,   0.672130E+00,   0.155849E+00,   0.399220E-01,   0.262382E+01,   0.635838E+00,   0.168916E+00,   
 10   0.100000E-02,   0.100000E-05,   0.100000E+01,   0.695328-309,   0.231944E+00,   0.678092E+00,   0.160011E+00,   0.257862E-01,   0.420755E+01,   0.558086E+00,   0.161115E+00,   
 11   0.100000E-02,   0.100000E-05,   0.100000E+01,   0.695328-309,   0.209725E+00,   0.646437E+00,   0.173215E+00,   0.170094E-01,   0.658249E+01,   0.551948E+00,   0.164904E+00,   
 12   0.100000E-02,   0.100000E-05,   0.100000E+01,   0.695328-309,   0.189753E+00,   0.628701E+00,   0.180599E+00,   0.111529E-01,   0.101793E+02,   0.548365E+00,   0.168178E+00,   
 13   0.100000E-02,   0.100000E-05,   0.100000E+01,   0.695328-309,   0.172379E+00,   0.599063E+00,   0.185877E+00,   0.712891E-02,   0.156169E+02,   0.565274E+00,   0.167355E+00,   
 14   0.100000E-02,   0.100000E-05,   0.100000E+01,   0.695328-309,   0.156644E+00,   0.561367E+00,   0.190539E+00,   0.452065E-02,   0.236541E+02,   0.579741E+00,   0.161171E+00,   
 15   0.100000E-02,   0.100000E-05,   0.100000E+01,   0.695328-309,   0.142292E+00,   0.515499E+00,   0.194673E+00,   0.284409E-02,   0.352686E+02,   0.594232E+00,   0.150739E+00,   
 16   0.100000E-02,   0.100000E-05,   0.100000E+01,   0.695328-309,   0.127154E+00,   0.462371E+00,   0.198359E+00,   0.177407E-02,   0.516337E+02,   0.614411E+00,   0.137552E+00,   
 17   0.100000E-02,   0.100000E-05,   0.100000E+01,   0.695328-309,   0.109747E+00,   0.407597E+00,   0.200070E+00,   0.110774E-02,   0.733843E+02,   0.625660E+00,   0.120744E+00,   
 18   0.100000E-02,   0.100000E-05,   0.100000E+01,   0.695328-309,   0.912800E-01,   0.356498E+00,   0.199270E+00,   0.705553E-03,   0.100277E+03,   0.622210E+00,   0.103235E+00,   
 19   0.100000E-02,   0.100000E-05,   0.100000E+01,   0.695328-309,   0.735112E-01,   0.306724E+00,   0.198852E+00,   0.462126E-03,   0.131317E+03,   0.631015E+00,   0.893551E-01,   
 20   0.100000E-02,   0.100000E-05,   0.100000E+01,   0.695328-309,   0.579510E-01,   0.254670E+00,   0.198900E+00,   0.300123E-03,   0.165223E+03,   0.662129E+00,   0.777999E-01,   
 21   0.100000E-02,   0.100000E-05,   0.100000E+01,   0.695328-309,   0.451453E-01,   0.216465E+00,   0.198979E+00,   0.200535E-03,   0.203797E+03,   0.661836E+00,   0.646115E-01,   
 22   0.100000E-02,   0.100000E-05,   0.100000E+01,   0.695328-309,   0.343303E-01,   0.197914E+00,   0.199048E+00,   0.139369E-03,   0.255391E+03,   0.632104E+00,   0.554073E-01,   
 23   0.100000E-02,   0.100000E-05,   0.100000E+01,   0.695328-309,   0.250393E-01,   0.183157E+00,   0.199108E+00,   0.946274E-04,   0.327604E+03,   0.655896E+00,   0.513431E-01,   
 24   0.100000E-02,   0.100000E-05,   0.100000E+01,   0.695328-309,   0.172921E-01,   0.171990E+00,   0.199157E+00,   0.628728E-04,   0.426711E+03,   0.702112E+00,   0.488199E-01,   
 25   0.100000E-02,   0.100000E-05,   0.100000E+01,   0.695328-309,   0.111815E-01,   0.169276E+00,   0.199239E+00,   0.414206E-04,   0.559660E+03,   0.763821E+00,   0.514374E-01,   
 26   0.100000E-02,   0.100000E-05,   0.100000E+01,   0.695328-309,   0.675961E-02,   0.147964E+00,   0.199232E+00,   0.269096E-04,   0.741346E+03,   0.833372E+00,   0.552886E-01,   
 27   0.100000E-02,   0.100000E-05,   0.100000E+01,   0.695328-309,   0.379057E-02,   0.133663E+00,   0.199251E+00,   0.167008E-04,   0.976950E+03,   0.877456E+00,   0.559705E-01,   
 28   0.100000E-02,   0.100000E-05,   0.100000E+01,   0.695328-309,   0.174650E-02,   0.109151E+00,   0.199200E+00,   0.100591E-04,   0.127784E+04,   0.922060E+00,   0.625813E-01,   
 29   0.100000E-02,   0.100000E-05,   0.100000E+01,   0.695328-309,   0.674969E-03,   0.853655E-01,   0.199270E+00,   0.567798E-05,   0.168671E+04,   0.950032E+00,   0.613796E-01,   
 30   0.100000E-02,   0.100000E-05,   0.100000E+01,   0.695328-309,   0.151157E-03,   0.546854E-01,   0.199264E+00,   0.277755E-05,   0.218205E+04,   0.974232E+00,   0.633373E-01,   
 31   0.100000E-02,   0.100000E-05,   0.100000E+01,   0.695328-309,   0.121948E-04,   0.151618E-01,   0.199394E+00,   0.678430E-06,   0.275414E+04,   0.994239E+00,   0.603606E-01,   
 32   0.100000E-02,   0.100000E-05,   0.100000E+01,   0.695328-309,   -.527655E-06,   0.971553E-03,   0.199468E+00,   0.360395E-07,   0.356374E+04,   0.999684E+00,   0.516745E-01,   
 33   0.100000E-02,   0.100000E-05,   0.100000E+01,   0.695328-309,   -.140640E-05,   0.337296E-05,   0.199614E+00,   0.106145E-09,   0.441750E+04,   0.999999E+00,   0.488467E-01,   
 34   0.100000E-02,   0.100000E-05,   0.100000E+01,   0.695328-309,   -.158986E-05,   0.385738E-10,   0.199764E+00,   0.107750E-14,   0.537952E+04,   0.100000E+01,   0.496270E-01,   
 35   0.100000E-02,   0.100000E-05,   0.100000E+01,   0.695328-309,   -.924813E-06,   0.155746E-10,   0.199932E+00,   0.434524E-15,   0.642326E+04,   0.100000E+01,   0.493352E-01,   
 36   0.100000E-02,   0.100000E-05,   0.100000E+01,   0.695328-309,   0.176727E-06,   0.164192E-10,   0.200126E+00,   0.381140E-15,   0.750029E+04,   0.100000E+01,   0.486184E-01,   
 37   0.100000E-02,   0.100000E-05,   0.100000E+01,   0.695328-309,   0.754204E-06,   0.169492E-10,   0.200358E+00,   0.351184E-15,   0.857620E+04,   0.100000E+01,   0.492383E-01,   
 38   0.100000E-02,   0.100000E-05,   0.100000E+01,   0.695328-309,   -.312060E-05,   0.171291E-10,   0.200611E+00,   0.321828E-15,   0.967105E+04,   0.100000E+01,   0.491368E-01,   
 39   0.100000E-02,   0.100000E-05,   0.100000E+01,   0.695328-309,   -.183957E-05,   0.172559E-10,   0.200913E+00,   0.303486E-15,   0.107668E+05,   0.100000E+01,   0.483324E-01,   
