  1   0.100000E-02,   0.100000E-04,   0.100000E+01,   0.695315-309,   0.916479E+00,            NaN,   0.000000E+00,            NaN,   0.000000E+00,            NaN,   0.000000E+00,   
  2   0.100000E-02,   0.100000E-04,   0.100000E+01,   0.695315-309,   0.850677E+00,   0.186447E+01,   0.731913E-03,   0.293344E+00,   0.163303E-02,   0.800894E+00,   0.819235E-01,   
  3   0.100000E-02,   0.100000E-04,   0.100000E+01,   0.695315-309,   0.747416E+00,   0.383656E+00,   0.101058E+00,   0.302855E+00,   0.128033E+00,   0.960859E+00,   0.173754E+00,   
  4   0.100000E-02,   0.100000E-04,   0.100000E+01,   0.695315-309,   0.612089E+00,   0.674761E+00,   0.987948E-01,   0.424171E+00,   0.157133E+00,   0.836679E+00,   0.157416E+00,   
  5   0.100000E-02,   0.100000E-04,   0.100000E+01,   0.695315-309,   0.477513E+00,   0.775340E+00,   0.103708E+00,   0.326970E+00,   0.245793E+00,   0.772908E+00,   0.164224E+00,   
  6   0.100000E-02,   0.100000E-04,   0.100000E+01,   0.695315-309,   0.378273E+00,   0.744372E+00,   0.121425E+00,   0.187001E+00,   0.483023E+00,   0.753881E+00,   0.175498E+00,   
  7   0.100000E-02,   0.100000E-04,   0.100000E+01,   0.695315-309,   0.316431E+00,   0.741563E+00,   0.131202E+00,   0.107854E+00,   0.900649E+00,   0.689010E+00,   0.168324E+00,   
  8   0.100000E-02,   0.100000E-04,   0.100000E+01,   0.695315-309,   0.280832E+00,   0.748083E+00,   0.137592E+00,   0.652575E-01,   0.157420E+01,   0.637684E+00,   0.169819E+00,   
  9   0.100000E-02,   0.100000E-04,   0.100000E+01,   0.695315-309,   0.255345E+00,   0.673093E+00,   0.157071E+00,   0.396990E-01,   0.265302E+01,   0.631426E+00,   0.168773E+00,   
 10   0.100000E-02,   0.100000E-04,   0.100000E+01,   0.695315-309,   0.231940E+00,   0.675715E+00,   0.161713E+00,   0.255365E-01,   0.425588E+01,   0.556883E+00,   0.161471E+00,   
 11   0.100000E-02,   0.100000E-04,   0.100000E+01,   0.695315-309,   0.209733E+00,   0.644297E+00,   0.174838E+00,   0.167601E-01,   0.665922E+01,   0.552311E+00,   0.165269E+00,   
 12   0.100000E-02,   0.100000E-04,   0.100000E+01,   0.695315-309,   0.189754E+00,   0.626916E+00,   0.182286E+00,   0.109304E-01,   0.102892E+02,   0.549789E+00,   0.169057E+00,   
 13   0.100000E-02,   0.100000E-04,   0.100000E+01,   0.695315-309,   0.172372E+00,   0.602986E+00,   0.187534E+00,   0.695282E-02,   0.157653E+02,   0.567597E+00,   0.168598E+00,   
 14   0.100000E-02,   0.100000E-04,   0.100000E+01,   0.695315-309,   0.156650E+00,   0.578906E+00,   0.191985E+00,   0.438063E-02,   0.238405E+02,   0.582481E+00,   0.162016E+00,   
 15   0.100000E-02,   0.100000E-04,   0.100000E+01,   0.695315-309,   0.142316E+00,   0.565417E+00,   0.195935E+00,   0.274553E-02,   0.354890E+02,   0.592942E+00,   0.152024E+00,   
 16   0.100000E-02,   0.100000E-04,   0.100000E+01,   0.695315-309,   0.127176E+00,   0.578969E+00,   0.199483E+00,   0.174146E-02,   0.517687E+02,   0.604084E+00,   0.144255E+00,   
 17   0.100000E-02,   0.100000E-04,   0.100000E+01,   0.695315-309,   0.109749E+00,   0.615962E+00,   0.201702E+00,   0.114821E-02,   0.734710E+02,   0.613055E+00,   0.140328E+00,   
 18   0.100000E-02,   0.100000E-04,   0.100000E+01,   0.695315-309,   0.912316E-01,   0.681767E+00,   0.203206E+00,   0.817951E-03,   0.102217E+03,   0.621351E+00,   0.148744E+00,   
 19   0.100000E-02,   0.100000E-04,   0.100000E+01,   0.695315-309,   0.734238E-01,   0.745169E+00,   0.206487E+00,   0.599685E-03,   0.142845E+03,   0.646008E+00,   0.166273E+00,   
 20   0.100000E-02,   0.100000E-04,   0.100000E+01,   0.695315-309,   0.579402E-01,   0.844586E+00,   0.210488E+00,   0.423992E-03,   0.206127E+03,   0.676084E+00,   0.195201E+00,   
 21   0.100000E-02,   0.100000E-04,   0.100000E+01,   0.695315-309,   0.451977E-01,   0.897880E+00,   0.214651E+00,   0.296648E-03,   0.310780E+03,   0.687938E+00,   0.221283E+00,   
 22   0.100000E-02,   0.100000E-04,   0.100000E+01,   0.695315-309,   0.343541E-01,   0.100792E+01,   0.218202E+00,   0.210381E-03,   0.476933E+03,   0.704943E+00,   0.261347E+00,   
 23   0.100000E-02,   0.100000E-04,   0.100000E+01,   0.695315-309,   0.250454E-01,   0.111217E+01,   0.221748E+00,   0.141397E-03,   0.766290E+03,   0.736821E+00,   0.310163E+00,   
 24   0.100000E-02,   0.100000E-04,   0.100000E+01,   0.695315-309,   0.173075E-01,   0.128611E+01,   0.228193E+00,   0.987690E-04,   0.125766E+04,   0.758572E+00,   0.388980E+00,   
 25   0.100000E-02,   0.100000E-04,   0.100000E+01,   0.695315-309,   0.112352E-01,   0.126653E+01,   0.235540E+00,   0.650529E-04,   0.212529E+04,   0.800967E+00,   0.472114E+00,   
 26   0.100000E-02,   0.100000E-04,   0.100000E+01,   0.695315-309,   0.666828E-02,   0.128490E+01,   0.242848E+00,   0.408526E-04,   0.356569E+04,   0.838292E+00,   0.566758E+00,   
 27   0.100000E-02,   0.100000E-04,   0.100000E+01,   0.695315-309,   0.363843E-02,   0.121790E+01,   0.247370E+00,   0.240294E-04,   0.591145E+04,   0.871316E+00,   0.612128E+00,   
 28   0.100000E-02,   0.100000E-04,   0.100000E+01,   0.695315-309,   0.184026E-02,   0.978855E+00,   0.254891E+00,   0.139320E-04,   0.950707E+04,   0.911824E+00,   0.661760E+00,   
 29   0.100000E-02,   0.100000E-04,   0.100000E+01,   0.695315-309,   0.717238E-03,   0.744750E+00,   0.262645E+00,   0.753846E-05,   0.147532E+05,   0.944017E+00,   0.639607E+00,   
 30   0.100000E-02,   0.100000E-04,   0.100000E+01,   0.695315-309,   0.305775E-04,   0.430088E+00,   0.269182E+00,   0.333909E-05,   0.214162E+05,   0.971998E+00,   0.643675E+00,   
 31   0.100000E-02,   0.100000E-04,   0.100000E+01,   0.695315-309,   .901774E-04,   0.114741E+00,   0.282213E+00,   0.743748E-06,   0.283410E+05,   0.992803E+00,   0.646660E+00,   
 32   0.100000E-02,   0.100000E-04,   0.100000E+01,   0.695315-309,   .177102E-03,   0.732154E-02,   0.290566E+00,   0.379366E-07,   0.369821E+05,   0.999658E+00,   0.592931E+00,   
 33   0.100000E-02,   0.100000E-04,   0.100000E+01,   0.695315-309,   .148000E-03,   0.242468E-04,   0.307049E+00,   0.114396E-09,   0.451818E+05,   0.999999E+00,   0.566770E+00,   
 34   0.100000E-02,   0.100000E-04,   0.100000E+01,   0.695315-309,   .103860E-03,   0.247170E-09,   0.321140E+00,   0.110272E-14,   0.545707E+05,   0.100000E+01,   0.551423E+00,   
 35   0.100000E-02,   0.100000E-04,   0.100000E+01,   0.695315-309,   .786150E-04,   0.400566E-10,   0.335695E+00,   0.225268E-15,   0.640765E+05,   0.100000E+01,   0.517512E+00,   
 36   0.100000E-02,   0.100000E-04,   0.100000E+01,   0.695315-309,   .155155E-03,   0.412269E-10,   0.349689E+00,   0.225555E-15,   0.728823E+05,   0.100000E+01,   0.507485E+00,   
 37   0.100000E-02,   0.100000E-04,   0.100000E+01,   0.695315-309,   .176288E-04,   0.427709E-10,   0.365620E+00,   0.237161E-15,   0.815791E+05,   0.100000E+01,   0.511863E+00,   
 38   0.100000E-02,   0.100000E-04,   0.100000E+01,   0.695315-309,   .368498E-04,   0.454900E-10,   0.377836E+00,   0.225544E-15,   0.899602E+05,   0.100000E+01,   0.494762E+00,   
