  1   0.100000E-02,   0.100000E-05,   0.100000E+01,   0.695270-309,   0.909133E+00,            NaN,   0.000000E+00,            NaN,   0.000000E+00,            NaN,   0.000000E+00,   
  2   0.100000E-02,   0.100000E-05,   0.100000E+01,   0.695270-309,   0.840223E+00,   0.110468E+01,   0.136129E-02,   0.299165E+00,   0.494870E-02,   0.795320E+00,   0.185032E+00,   
  3   0.100000E-02,   0.100000E-05,   0.100000E+01,   0.695270-309,   0.734319E+00,   0.393573E+00,   0.221891E+00,   0.310405E+00,   0.281374E+00,   0.958632E+00,   0.383044E+00,   
  4   0.100000E-02,   0.100000E-05,   0.100000E+01,   0.695270-309,   0.599276E+00,   0.680156E+00,   0.226875E+00,   0.424390E+00,   0.363639E+00,   0.836737E+00,   0.358557E+00,   
  5   0.100000E-02,   0.100000E-05,   0.100000E+01,   0.695270-309,   0.469111E+00,   0.773030E+00,   0.248527E+00,   0.339072E+00,   0.566628E+00,   0.787133E+00,   0.404861E+00,   
  6   0.100000E-02,   0.100000E-05,   0.100000E+01,   0.695270-309,   0.374839E+00,   0.724425E+00,   0.307622E+00,   0.198737E+00,   0.112135E+01,   0.799194E+00,   0.485355E+00,   
  7   0.100000E-02,   0.100000E-05,   0.100000E+01,   0.695270-309,   0.316320E+00,   0.712868E+00,   0.342275E+00,   0.113851E+00,   0.214305E+01,   0.770516E+00,   0.503549E+00,   
  8   0.100000E-02,   0.100000E-05,   0.100000E+01,   0.695270-309,   0.281936E+00,   0.743474E+00,   0.357378E+00,   0.700117E-01,   0.379478E+01,   0.739199E+00,   0.550855E+00,   
  9   0.100000E-02,   0.100000E-05,   0.100000E+01,   0.695270-309,   0.256000E+00,   0.636431E+00,   0.427601E+00,   0.412279E-01,   0.659973E+01,   0.798893E+00,   0.682549E+00,   
 10   0.100000E-02,   0.100000E-05,   0.100000E+01,   0.695270-309,   0.231782E+00,   0.629185E+00,   0.470182E+00,   0.275590E-01,   0.107319E+02,   0.775509E+00,   0.693256E+00,   
 11   0.100000E-02,   0.100000E-05,   0.100000E+01,   0.695270-309,   0.209060E+00,   0.620269E+00,   0.504168E+00,   0.182275E-01,   0.171472E+02,   0.722823E+00,   0.654947E+00,   
 12   0.100000E-02,   0.100000E-05,   0.100000E+01,   0.695270-309,   0.189100E+00,   0.573697E+00,   0.579922E+00,   0.122306E-01,   0.271758E+02,   0.699280E+00,   0.656105E+00,   
 13   0.100000E-02,   0.100000E-05,   0.100000E+01,   0.695270-309,   0.171801E+00,   0.529480E+00,   0.629665E+00,   0.780813E-02,   0.426136E+02,   0.715645E+00,   0.670333E+00,   
 14   0.100000E-02,   0.100000E-05,   0.100000E+01,   0.695270-309,   0.156588E+00,   0.476466E+00,   0.689885E+00,   0.496968E-02,   0.658965E+02,   0.763221E+00,   0.765704E+00,   
 15   0.100000E-02,   0.100000E-05,   0.100000E+01,   0.695270-309,   0.141333E+00,   0.418638E+00,   0.761305E+00,   0.310991E-02,   0.101864E+03,   0.804051E+00,   0.871471E+00,   
 16   0.100000E-02,   0.100000E-05,   0.100000E+01,   0.695270-309,   0.123640E+00,   0.375243E+00,   0.828398E+00,   0.201003E-02,   0.153134E+03,   0.832212E+00,   0.893114E+00,   
 17   0.100000E-02,   0.100000E-05,   0.100000E+01,   0.695270-309,   0.104163E+00,   0.345507E+00,   0.875653E+00,   0.135028E-02,   0.221045E+03,   0.836802E+00,   0.794241E+00,   
 18   0.100000E-02,   0.100000E-05,   0.100000E+01,   0.695270-309,   0.848027E-01,   0.320681E+00,   0.899300E+00,   0.908633E-03,   0.309597E+03,   0.811559E+00,   0.629133E+00,   
 19   0.100000E-02,   0.100000E-05,   0.100000E+01,   0.695270-309,   0.675292E-01,   0.304527E+00,   0.917675E+00,   0.626512E-03,   0.425439E+03,   0.771736E+00,   0.520419E+00,   
 20   0.100000E-02,   0.100000E-05,   0.100000E+01,   0.695270-309,   0.530540E-01,   0.293311E+00,   0.931878E+00,   0.432008E-03,   0.589595E+03,   0.726665E+00,   0.461165E+00,   
 21   0.100000E-02,   0.100000E-05,   0.100000E+01,   0.695270-309,   0.405271E-01,   0.282414E+00,   0.937827E+00,   0.292583E-03,   0.831421E+03,   0.680502E+00,   0.414118E+00,   
 22   0.100000E-02,   0.100000E-05,   0.100000E+01,   0.695270-309,   0.296306E-01,   0.269515E+00,   0.941499E+00,   0.188573E-03,   0.118782E+04,   0.678997E+00,   0.381126E+00,   
 23   0.100000E-02,   0.100000E-05,   0.100000E+01,   0.695270-309,   0.205285E-01,   0.263161E+00,   0.945367E+00,   0.119835E-03,   0.169052E+04,   0.700135E+00,   0.359362E+00,   
 24   0.100000E-02,   0.100000E-05,   0.100000E+01,   0.695270-309,   0.133426E-01,   0.251941E+00,   0.950542E+00,   0.773725E-04,   0.238237E+04,   0.737979E+00,   0.357015E+00,   
 25   0.100000E-02,   0.100000E-05,   0.100000E+01,   0.695270-309,   0.810876E-02,   0.228729E+00,   0.954933E+00,   0.491444E-04,   0.333867E+04,   0.779050E+00,   0.361575E+00,   
 26   0.100000E-02,   0.100000E-05,   0.100000E+01,   0.695270-309,   0.444916E-02,   0.203433E+00,   0.957378E+00,   0.296222E-04,   0.463469E+04,   0.824743E+00,   0.352974E+00,   
 27   0.100000E-02,   0.100000E-05,   0.100000E+01,   0.695270-309,   0.206329E-02,   0.178934E+00,   0.961314E+00,   0.175209E-04,   0.630046E+04,   0.878377E+00,   0.362978E+00,   
 28   0.100000E-02,   0.100000E-05,   0.100000E+01,   0.695270-309,   0.791133E-03,   0.156008E+00,   0.967293E+00,   0.102963E-04,   0.839071E+04,   0.924901E+00,   0.408669E+00,   
 29   0.100000E-02,   0.100000E-05,   0.100000E+01,   0.695270-309,   0.251575E-03,   0.117944E+00,   0.973376E+00,   0.547722E-05,   0.110711E+05,   0.959247E+00,   0.474794E+00,   
 30   0.100000E-02,   0.100000E-05,   0.100000E+01,   0.695270-309,   0.278867E-04,   0.550518E-01,   0.980674E+00,   0.190283E-05,   0.146004E+05,   0.984509E+00,   0.519515E+00,   
 31   0.100000E-02,   0.100000E-05,   0.100000E+01,   0.695270-309,   0.461445E-05,   0.745130E-02,   0.990538E+00,   0.247245E-06,   0.194086E+05,   0.997984E+00,   0.532520E+00,   
 32   0.100000E-02,   0.100000E-05,   0.100000E+01,   0.695270-309,   0.647384E-05,   0.137931E-03,   0.993672E+00,   0.382560E-08,   0.254429E+05,   0.999951E+00,   0.591686E+00,   
 33   0.100000E-02,   0.100000E-05,   0.100000E+01,   0.695270-309,   0.317029E-04,   0.492584E-07,   0.993079E+00,   0.116420E-11,   0.299645E+05,   0.100000E+01,   0.556821E+00,   
 34   0.100000E-02,   0.100000E-05,   0.100000E+01,   0.695270-309,   0.112499E-04,   0.219950E-10,   0.100115E+01,   0.640078E-15,   0.311322E+05,   0.100000E+01,   0.519544E+00,   
 35   0.100000E-02,   0.100000E-05,   0.100000E+01,   0.695270-309,   0.107227E-04,   0.197223E-10,   0.101014E+01,   0.551256E-15,   0.335140E+05,   0.100000E+01,   0.517751E+00,   
 36   0.100000E-02,   0.100000E-05,   0.100000E+01,   0.695270-309,   0.201241E-04,   0.201976E-10,   0.102073E+01,   0.520741E-15,   0.376563E+05,   0.100000E+01,   0.508121E+00,   
 37   0.100000E-02,   0.100000E-05,   0.100000E+01,   0.695270-309,   0.191438E-04,   0.211952E-10,   0.103522E+01,   0.499526E-15,   0.418248E+05,   0.100000E+01,   0.506421E+00,   
 38   0.100000E-02,   0.100000E-05,   0.100000E+01,   0.695270-309,   0.893391E-05,   0.217908E-10,   0.105152E+01,   0.477859E-15,   0.469135E+05,   0.100000E+01,   0.522454E+00,   
 39   0.100000E-02,   0.100000E-05,   0.100000E+01,   0.695270-309,   0.130860E-04,   0.225543E-10,   0.106684E+01,   0.460899E-15,   0.528156E+05,   0.100000E+01,   0.510134E+00,   
 40   0.100000E-02,   0.100000E-05,   0.100000E+01,   0.695270-309,   0.996470E-05,   0.235414E-10,   0.107976E+01,   0.446563E-15,   0.586763E+05,   0.100000E+01,   0.493294E+00,   
 41   0.100000E-02,   0.100000E-05,   0.100000E+01,   0.695270-309,   0.522875E-05,   0.243697E-10,   0.109235E+01,   0.438150E-15,   0.645655E+05,   0.100000E+01,   0.475355E+00,   
 42   0.100000E-02,   0.100000E-05,   0.100000E+01,   0.695270-309,   0.190570E-05,   0.249995E-10,   0.110345E+01,   0.429252E-15,   0.705738E+05,   0.100000E+01,   0.454586E+00,   
 43   0.100000E-02,   0.100000E-05,   0.100000E+01,   0.695270-309,   0.243902E-05,   0.257990E-10,   0.111298E+01,   0.422095E-15,   0.763119E+05,   0.100000E+01,   0.430708E+00,   
 44   0.100000E-02,   0.100000E-05,   0.100000E+01,   0.695270-309,   0.958626E-05,   0.265009E-10,   0.112086E+01,   0.417152E-15,   0.816886E+05,   0.100000E+01,   0.407631E+00,   
 45   0.100000E-02,   0.100000E-05,   0.100000E+01,   0.695270-309,   0.548796E-05,   0.269668E-10,   0.112898E+01,   0.412876E-15,   0.865954E+05,   0.100000E+01,   0.387478E+00,   
 46   0.100000E-02,   0.100000E-05,   0.100000E+01,   0.695270-309,   0.360900E-05,   0.277679E-10,   0.113684E+01,   0.409591E-15,   0.911420E+05,   0.100000E+01,   0.372438E+00,   
