  1   0.100000E-02,   0.100000E-09,   0.100000E+01,   0.695289-309,   0.909133E+00,            NaN,   0.000000E+00,            NaN,   0.000000E+00,            NaN,   0.000000E+00,   
  2   0.100000E-02,   0.100000E-09,   0.100000E+01,   0.695289-309,   0.840012E+00,   0.268176E+01,   0.146861E-07,   0.306107E+00,   0.217219E-01,   0.795363E+00,   0.184797E+00,   
  3   0.100000E-02,   0.100000E-09,   0.100000E+01,   0.695289-309,   0.734249E+00,   0.449329E+00,   0.738178E-01,   0.303694E+00,   0.283952E+00,   0.958659E+00,   0.254566E+00,   
  4   0.100000E-02,   0.100000E-09,   0.100000E+01,   0.695289-309,   0.599209E+00,   0.762967E+00,   0.808928E-01,   0.370545E+00,   0.404449E+00,   0.836829E+00,   0.201746E+00,   
  5   0.100000E-02,   0.100000E-09,   0.100000E+01,   0.695289-309,   0.469013E+00,   0.794656E+00,   0.101045E+00,   0.313601E+00,   0.616209E+00,   0.787313E+00,   0.244173E+00,   
  6   0.100000E-02,   0.100000E-09,   0.100000E+01,   0.695289-309,   0.374749E+00,   0.754448E+00,   0.125838E+00,   0.221285E+00,   0.100912E+01,   0.799320E+00,   0.265357E+00,   
  7   0.100000E-02,   0.100000E-09,   0.100000E+01,   0.695289-309,   0.316271E+00,   0.707573E+00,   0.151533E+00,   0.143128E+00,   0.172319E+01,   0.770850E+00,   0.302324E+00,   
  8   0.100000E-02,   0.100000E-09,   0.100000E+01,   0.695289-309,   0.281859E+00,   0.676763E+00,   0.175153E+00,   0.874497E-01,   0.296643E+01,   0.739610E+00,   0.355183E+00,   
  9   0.100000E-02,   0.100000E-09,   0.100000E+01,   0.695289-309,   0.255948E+00,   0.646840E+00,   0.196674E+00,   0.514190E-01,   0.503708E+01,   0.799260E+00,   0.444898E+00,   
 10   0.100000E-02,   0.100000E-09,   0.100000E+01,   0.695289-309,   0.231746E+00,   0.610239E+00,   0.221062E+00,   0.301255E-01,   0.836443E+01,   0.775716E+00,   0.524940E+00,   
 11   0.100000E-02,   0.100000E-09,   0.100000E+01,   0.695289-309,   0.209047E+00,   0.693131E+00,   0.224945E+00,   0.176160E-01,   0.138307E+02,   0.723041E+00,   0.623102E+00,   
 12   0.100000E-02,   0.100000E-09,   0.100000E+01,   0.695289-309,   0.189117E+00,   0.636181E+00,   0.256267E+00,   0.106888E-01,   0.225863E+02,   0.700003E+00,   0.697915E+00,   
 13   0.100000E-02,   0.100000E-09,   0.100000E+01,   0.695289-309,   0.171784E+00,   0.704947E+00,   0.287102E+00,   0.667167E-02,   0.356855E+02,   0.714606E+00,   0.871700E+00,   
 14   0.100000E-02,   0.100000E-09,   0.100000E+01,   0.695289-309,   0.156680E+00,   0.747884E+00,   0.288158E+00,   0.412877E-02,   0.573977E+02,   0.760805E+00,   0.102001E+01,   
 15   0.100000E-02,   0.100000E-09,   0.100000E+01,   0.695289-309,   0.141482E+00,   0.611453E+00,   0.339932E+00,   0.285162E-02,   0.840902E+02,   0.800299E+00,   0.106658E+01,   
 16   0.100000E-02,   0.100000E-09,   0.100000E+01,   0.695289-309,   0.123629E+00,   0.518139E+00,   0.377069E+00,   0.213150E-02,   0.118141E+03,   0.831589E+00,   0.126856E+01,   
 17   0.100000E-02,   0.100000E-09,   0.100000E+01,   0.695289-309,   0.104239E+00,   0.480225E+00,   0.409274E+00,   0.158628E-02,   0.166012E+03,   0.835165E+00,   0.149810E+01,   
 18   0.100000E-02,   0.100000E-09,   0.100000E+01,   0.695289-309,   0.849578E-01,   0.445458E+00,   0.423417E+00,   0.125801E-02,   0.232977E+03,   0.810787E+00,   0.157035E+01,   
 19   0.100000E-02,   0.100000E-09,   0.100000E+01,   0.695289-309,   0.675939E-01,   0.377263E+00,   0.524368E+00,   0.867430E-03,   0.329065E+03,   0.770262E+00,   0.120417E+01,   
 20   0.100000E-02,   0.100000E-09,   0.100000E+01,   0.695289-309,   0.530586E-01,   0.397095E+00,   0.474141E+00,   0.673320E-03,   0.399083E+03,   0.720991E+00,   0.901378E+00,   
 21   0.100000E-02,   0.100000E-09,   0.100000E+01,   0.695289-309,   0.405264E-01,   0.398659E+00,   0.457525E+00,   0.466745E-03,   0.545469E+03,   0.675013E+00,   0.669921E+00,   
 22   0.100000E-02,   0.100000E-09,   0.100000E+01,   0.695289-309,   0.296031E-01,   0.366888E+00,   0.464025E+00,   0.318166E-03,   0.720380E+03,   0.660672E+00,   0.483239E+00,   
 23   0.100000E-02,   0.100000E-09,   0.100000E+01,   0.695289-309,   0.204974E-01,   0.334497E+00,   0.465351E+00,   0.199659E-03,   0.100122E+04,   0.666641E+00,   0.375277E+00,   
 24   0.100000E-02,   0.100000E-09,   0.100000E+01,   0.695289-309,   0.133453E-01,   0.306161E+00,   0.464986E+00,   0.120271E-03,   0.140481E+04,   0.681369E+00,   0.303116E+00,   
 25   0.100000E-02,   0.100000E-09,   0.100000E+01,   0.695289-309,   0.807988E-02,   0.293504E+00,   0.464453E+00,   0.718701E-04,   0.195909E+04,   0.694218E+00,   0.257147E+00,   
 26   0.100000E-02,   0.100000E-09,   0.100000E+01,   0.695289-309,   0.442445E-02,   0.302656E+00,   0.463907E+00,   0.427546E-04,   0.270964E+04,   0.709508E+00,   0.220641E+00,   
 27   0.100000E-02,   0.100000E-09,   0.100000E+01,   0.695289-309,   0.203995E-02,   0.327672E+00,   0.463583E+00,   0.246879E-04,   0.376678E+04,   0.740552E+00,   0.192873E+00,   
 28   0.100000E-02,   0.100000E-09,   0.100000E+01,   0.695289-309,   0.737445E-03,   0.327670E+00,   0.463109E+00,   0.136870E-04,   0.541128E+04,   0.799711E+00,   0.177399E+00,   
 29   0.100000E-02,   0.100000E-09,   0.100000E+01,   0.695289-309,   0.176452E-03,   0.231055E+00,   0.462529E+00,   0.658497E-05,   0.807891E+04,   0.901231E+00,   0.149472E+00,   
 30   0.100000E-02,   0.100000E-09,   0.100000E+01,   0.695289-309,   0.154468E-04,   0.800801E-01,   0.462019E+00,   0.210999E-05,   0.115440E+05,   0.976714E+00,   0.103201E+00,   
 31   0.100000E-02,   0.100000E-09,   0.100000E+01,   0.695289-309,   0.746757E-06,   0.904023E-02,   0.461814E+00,   0.260908E-06,   0.138500E+05,   0.998375E+00,   0.758089E-01,   
 32   0.100000E-02,   0.100000E-09,   0.100000E+01,   0.695289-309,   0.338981E-06,   0.149990E-03,   0.461708E+00,   0.457095E-08,   0.142824E+05,   0.999982E+00,   0.690958E-01,   
 33   0.100000E-02,   0.100000E-09,   0.100000E+01,   0.695289-309,   0.517630E-06,   0.513774E-07,   0.461561E+00,   0.154326E-11,   0.142903E+05,   0.100000E+01,   0.602129E-01,   
 34   0.100000E-02,   0.100000E-09,   0.100000E+01,   0.695289-309,   0.931999E-08,   0.229667E-10,   0.461490E+00,   0.673496E-15,   0.142900E+05,   0.100000E+01,   0.598887E-01,   
 35   0.100000E-02,   0.100000E-09,   0.100000E+01,   0.695289-309,   0.108785E-06,   0.201898E-10,   0.461469E+00,   0.592688E-15,   0.142898E+05,   0.100000E+01,   0.605893E-01,   
 36   0.100000E-02,   0.100000E-09,   0.100000E+01,   0.695289-309,   0.344145E-06,   0.199786E-10,   0.461298E+00,   0.592915E-15,   0.142887E+05,   0.100000E+01,   0.612296E-01,   
 37   0.100000E-02,   0.100000E-09,   0.100000E+01,   0.695289-309,   0.554164E-06,   0.200652E-10,   0.461289E+00,   0.586151E-15,   0.142894E+05,   0.100000E+01,   0.610158E-01,   
 38   0.100000E-02,   0.100000E-09,   0.100000E+01,   0.695289-309,   0.388752E-06,   0.200371E-10,   0.461344E+00,   0.583781E-15,   0.142904E+05,   0.100000E+01,   0.615695E-01,   
 39   0.100000E-02,   0.100000E-09,   0.100000E+01,   0.695289-309,   0.415121E-06,   0.200444E-10,   0.461308E+00,   0.585127E-15,   0.142907E+05,   0.100000E+01,   0.609820E-01,   
 40   0.100000E-02,   0.100000E-09,   0.100000E+01,   0.695289-309,   0.334291E-06,   0.205153E-10,   0.461412E+00,   0.587180E-15,   0.142914E+05,   0.100000E+01,   0.609952E-01,   
 41   0.100000E-02,   0.100000E-09,   0.100000E+01,   0.695289-309,   0.197498E-06,   0.202154E-10,   0.461476E+00,   0.584195E-15,   0.142915E+05,   0.100000E+01,   0.617716E-01,   
 42   0.100000E-02,   0.100000E-09,   0.100000E+01,   0.695289-309,   0.905470E-07,   0.203529E-10,   0.461623E+00,   0.590223E-15,   0.142939E+05,   0.100000E+01,   0.612294E-01,   
 43   0.100000E-02,   0.100000E-09,   0.100000E+01,   0.695289-309,   0.229152E-06,   0.202183E-10,   0.461606E+00,   0.595180E-15,   0.142927E+05,   0.100000E+01,   0.615362E-01,   
 44   0.100000E-02,   0.100000E-09,   0.100000E+01,   0.695289-309,   0.268471E-06,   0.201860E-10,   0.461613E+00,   0.595232E-15,   0.142924E+05,   0.100000E+01,   0.612565E-01,   
 45   0.100000E-02,   0.100000E-09,   0.100000E+01,   0.695289-309,   0.253308E-06,   0.200145E-10,   0.461498E+00,   0.591856E-15,   0.142937E+05,   0.100000E+01,   0.608051E-01,   
 46   0.100000E-02,   0.100000E-09,   0.100000E+01,   0.695289-309,   0.503462E-06,   0.199442E-10,   0.461533E+00,   0.584203E-15,   0.142910E+05,   0.100000E+01,   0.616134E-01,   
