   744,   4, 0.10E-02,       445.00000000,       445.00086504,   1260741.70000000,     -1738.22348315,         0.00024622,         0.07514606,
   744,   4, 0.10E-02,       445.00000000,       445.07295776,    206522.25000000,     -1738.61280192,         0.00002230,         0.01230969,
   744,   4, 0.10E-03,       445.00000000,       445.00000158,   2918888.05000000,     -1738.54965867,         0.00005861,         0.17397929,
   744,   4, 0.10E-03,       445.00000000,       445.00343608,    699782.00000000,     -1738.63199777,         0.00001126,         0.04171026,
   744,   4, 0.10E-04,       445.00000000,       445.00000000,   4304699.85000000,     -1738.63366653,         0.00001030,         0.25658011,
   744,   4, 0.10E-04,       445.00000000,       445.00047807,   1669837.60000000,     -1738.64601618,         0.00000319,         0.09953008,
   744,   4, 0.10E-05,       445.00000000,       445.00000000,   5435346.35000000,     -1738.64921385,         0.00000135,         0.32397189,
   744,   4, 0.10E-05,       445.00000000,       445.00007423,   2830216.00000000,     -1738.65015127,         0.00000082,         0.16869402,
   744,   4, 0.10E-06,       445.00000000,       445.00000000,   6208021.95000000,     -1738.65133998,         0.00000013,         0.37002694,
   744,   4, 0.10E-06,       445.00000000,       445.00000235,   3825416.65000000,     -1738.65140179,         0.00000010,         0.22801260,
   744,   4, 0.10E-07,       445.00000000,       445.00000000,   6394523.65000000,     -1738.65155277,         0.00000001,         0.38114331,
